(crseg_env_full) hess[0]:BSB_misc$ 
(crseg_env_full) hess[0]:BSB_misc$ 
(crseg_env_full) hess[0]:BSB_misc$ 
(crseg_env_full) hess[0]:BSB_misc$ 
(crseg_env_full) hess[0]:BSB_misc$ 
(crseg_env_full) hess[0]:BSB_misc$ 
(crseg_env_full) hess[0]:BSB_misc$ 
(crseg_env_full) hess[0]:BSB_misc$ 
(crseg_env_full) hess[0]:BSB_misc$ 
(crseg_env_full) hess[0]:BSB_misc$ sh ants_affine_register_SWIs.sh 

 starting case:  sub-TCRp001_ses-early
Found files: lesions_annos_SWI_14.nii  num is:  14  SWI:  SWI_Images_14_Ax_SWI_FA15_20010101000000_14.nii
mrthreshold: [WARNING] existing output files will be overwritten
mrthreshold: [100%] uncompressing image "/autofs/space/nicc_003/users/olchanyi/data/RESPONSE_PILOT_FULL/sub-TCRp001_ses-early/bsb_outputs_attention/samseg_labels/seg.mgz"
mrthreshold: [WARNING] requested datatype (Bit) not supported - substituting with UInt8
mrthreshold: [100%] compressing image "/autofs/space/nicc_003/users/olchanyi/data/RESPONSE_PILOT_FULL/sub-TCRp001_ses-early/bsb_outputs_attention/synthseg_1mm_brain_mask.nii.gz"
mri_convert /autofs/space/nicc_003/users/olchanyi/data/RESPONSE_PILOT_FULL/sub-TCRp001_ses-early/bsb_outputs_attention/synthseg_1mm_brain_mask.nii.gz /autofs/space/nicc_003/users/olchanyi/data/RESPONSE_PILOT_FULL/sub-TCRp001_ses-early/bsb_outputs_attention/synthseg_1mm_brain_mask.nii.gz -rl /autofs/space/nicc_003/users/olchanyi/data/RESPONSE_PILOT_FULL/sub-TCRp001_ses-early/bsb_outputs_attention/lowb_1mm.nii.gz -rt nearest -odt float 
reading from /autofs/space/nicc_003/users/olchanyi/data/RESPONSE_PILOT_FULL/sub-TCRp001_ses-early/bsb_outputs_attention/synthseg_1mm_brain_mask.nii.gz...
TR=0.00, TE=0.00, TI=0.00, flip angle=0.00
i_ras = (-0.930805, -0.194234, 0.309638)
j_ras = (-0.184304, 0.980955, 0.0613099)
k_ras = (0.315649, 0, 0.948876)
reading template info from volume /autofs/space/nicc_003/users/olchanyi/data/RESPONSE_PILOT_FULL/sub-TCRp001_ses-early/bsb_outputs_attention/lowb_1mm.nii.gz...
changing data type from uchar to float (noscale = 0)...
writing to /autofs/space/nicc_003/users/olchanyi/data/RESPONSE_PILOT_FULL/sub-TCRp001_ses-early/bsb_outputs_attention/synthseg_1mm_brain_mask.nii.gz...
OUTPUT PATH IS:  /autofs/space/nicc_003/users/olchanyi/data/RESPONSE_PILOT_FULL/sub-TCRp001_ses-early/SWI/ANTs_SWI_outputs/
All_Command_lines_OK
Using double precision for computations.
=============================================================================
The composite transform comprises the following transforms (in order): 
  1. Center of mass alignment using fixed image: /autofs/space/nicc_003/users/olchanyi/data/RESPONSE_PILOT_FULL/sub-TCRp001_ses-early/SWI/SWI_14_masked.nii.gz and moving image: /autofs/space/nicc_003/users/olchanyi/data/RESPONSE_PILOT_FULL/sub-TCRp001_ses-early/bsb_outputs_attention/lowb_1mm.nii.gz (type = Euler3DTransform)
=============================================================================
  number of levels = 4
  number of levels = 4
  fixed image: /autofs/space/nicc_003/users/olchanyi/data/RESPONSE_PILOT_FULL/sub-TCRp001_ses-early/SWI/SWI_14_masked.nii.gz
  moving image: /autofs/space/nicc_003/users/olchanyi/data/RESPONSE_PILOT_FULL/sub-TCRp001_ses-early/bsb_outputs_attention/lowb_1mm.nii.gz
  fixed image: /autofs/space/nicc_003/users/olchanyi/data/RESPONSE_PILOT_FULL/sub-TCRp001_ses-early/SWI/SWI_14_masked.nii.gz
  moving image: /autofs/space/nicc_003/users/olchanyi/data/RESPONSE_PILOT_FULL/sub-TCRp001_ses-early/bsb_outputs_attention/lowb_1mm.nii.gz
Dimension = 3
Number of stages = 2
Use histogram matching = true
Winsorize image intensities = true
  Lower quantile = 0.005
  Upper quantile = 0.995


Stage 1 State
   Image metric = Mattes
     Fixed image = Image (0x46e4030)
  RTTI typeinfo:   itk::Image<double, 3u>
  Reference Count: 2
  Modified Time: 1691
  Debug: Off
  Object Name: 
  Observers: 
    none
  Source: (none)
  Source output name: (none)
  Release Data: Off
  Data Released: False
  Global Release Data: Off
  PipelineMTime: 0
  UpdateMTime: 1476
  RealTimeStamp: 0 seconds 
  LargestPossibleRegion: 
    Dimension: 3
    Index: [0, 0, 0]
    Size: [192, 256, 88]
  BufferedRegion: 
    Dimension: 3
    Index: [0, 0, 0]
    Size: [192, 256, 88]
  RequestedRegion: 
    Dimension: 3
    Index: [0, 0, 0]
    Size: [192, 256, 88]
  Spacing: [0.859375, 0.859375, 1.8]
  Origin: [85.762, 141.814, -79.8558]
  Direction: 
-0.930805 0.184304 -0.315649
-0.194234 -0.980955 0
-0.309638 0.0613099 0.948876

  IndexToPointMatrix: 
-0.79991 0.158387 -0.568168
-0.16692 -0.843008 0
-0.266095 0.0526882 1.70798

  PointToIndexMatrix: 
-1.08312 -0.226018 -0.360306
0.214463 -1.14148 0.0713424
-0.175361 -2.09444e-09 0.527153

  Inverse Direction: 
-0.930805 -0.194234 -0.309638
0.184304 -0.980955 0.0613099
-0.315649 -3.76999e-09 0.948876

  PixelContainer: 
    ImportImageContainer (0x47bf9b0)
      RTTI typeinfo:   itk::ImportImageContainer<unsigned long, double>
      Reference Count: 1
      Modified Time: 1473
      Debug: Off
      Object Name: 
      Observers: 
        none
      Pointer: 0x7f1bdd15f010
      Container manages memory: true
      Size: 4325376
      Capacity: 4325376

     Moving image = Image (0x46ea6a0)
  RTTI typeinfo:   itk::Image<double, 3u>
  Reference Count: 2
  Modified Time: 1692
  Debug: Off
  Object Name: 
  Observers: 
    none
  Source: (none)
  Source output name: (none)
  Release Data: Off
  Data Released: False
  Global Release Data: Off
  PipelineMTime: 0
  UpdateMTime: 1689
  RealTimeStamp: 0 seconds 
  LargestPossibleRegion: 
    Dimension: 3
    Index: [0, 0, 0]
    Size: [256, 208, 150]
  BufferedRegion: 
    Dimension: 3
    Index: [0, 0, 0]
    Size: [256, 208, 150]
  RequestedRegion: 
    Dimension: 3
    Index: [0, 0, 0]
    Size: [256, 208, 150]
  Spacing: [1, 1, 1]
  Origin: [-109.814, 94.4837, -140.91]
  Direction: 
0.930805 0.184304 -0.315649
0.194234 -0.980955 0
0.309638 0.0613099 0.948876

  IndexToPointMatrix: 
0.930805 0.184304 -0.315649
0.194234 -0.980955 0
0.309638 0.0613099 0.948876

  PointToIndexMatrix: 
0.930805 0.194234 0.309638
0.184304 -0.980955 0.0613099
-0.315649 -2.44482e-09 0.948876

  Inverse Direction: 
0.930805 0.194234 0.309638
0.184304 -0.980955 0.0613099
-0.315649 -2.44482e-09 0.948876

  PixelContainer: 
    ImportImageContainer (0x47b7910)
      RTTI typeinfo:   itk::ImportImageContainer<unsigned long, double>
      Reference Count: 1
      Modified Time: 1686
      Debug: Off
      Object Name: 
      Observers: 
        none
      Pointer: 0x7f1bd946e010
      Container manages memory: true
      Size: 7987200
      Capacity: 7987200

     Weighting = 0.5
     Sampling strategy = regular
     Number of bins = 32
     Radius = 4
     Sampling percentage  = 0.25
   Transform = Rigid
     Gradient step = 0.1
     Update field sigma (voxel space) = 0
     Total field sigma (voxel space) = 0
     Update field time sigma = 0
     Total field time sigma  = 0
     Number of time indices = 0
     Number of time point samples = 0
Stage 2 State
   Image metric = Mattes
     Fixed image = Image (0x47c0d80)
  RTTI typeinfo:   itk::Image<double, 3u>
  Reference Count: 2
  Modified Time: 2121
  Debug: Off
  Object Name: 
  Observers: 
    none
  Source: (none)
  Source output name: (none)
  Release Data: Off
  Data Released: False
  Global Release Data: Off
  PipelineMTime: 0
  UpdateMTime: 1906
  RealTimeStamp: 0 seconds 
  LargestPossibleRegion: 
    Dimension: 3
    Index: [0, 0, 0]
    Size: [192, 256, 88]
  BufferedRegion: 
    Dimension: 3
    Index: [0, 0, 0]
    Size: [192, 256, 88]
  RequestedRegion: 
    Dimension: 3
    Index: [0, 0, 0]
    Size: [192, 256, 88]
  Spacing: [0.859375, 0.859375, 1.8]
  Origin: [85.762, 141.814, -79.8558]
  Direction: 
-0.930805 0.184304 -0.315649
-0.194234 -0.980955 0
-0.309638 0.0613099 0.948876

  IndexToPointMatrix: 
-0.79991 0.158387 -0.568168
-0.16692 -0.843008 0
-0.266095 0.0526882 1.70798

  PointToIndexMatrix: 
-1.08312 -0.226018 -0.360306
0.214463 -1.14148 0.0713424
-0.175361 -2.09444e-09 0.527153

  Inverse Direction: 
-0.930805 -0.194234 -0.309638
0.184304 -0.980955 0.0613099
-0.315649 -3.76999e-09 0.948876

  PixelContainer: 
    ImportImageContainer (0x4807ad0)
      RTTI typeinfo:   itk::ImportImageContainer<unsigned long, double>
      Reference Count: 1
      Modified Time: 1903
      Debug: Off
      Object Name: 
      Observers: 
        none
      Pointer: 0x7f1bd736d010
      Container manages memory: true
      Size: 4325376
      Capacity: 4325376

     Moving image = Image (0x47c21b0)
  RTTI typeinfo:   itk::Image<double, 3u>
  Reference Count: 2
  Modified Time: 2122
  Debug: Off
  Object Name: 
  Observers: 
    none
  Source: (none)
  Source output name: (none)
  Release Data: Off
  Data Released: False
  Global Release Data: Off
  PipelineMTime: 0
  UpdateMTime: 2119
  RealTimeStamp: 0 seconds 
  LargestPossibleRegion: 
    Dimension: 3
    Index: [0, 0, 0]
    Size: [256, 208, 150]
  BufferedRegion: 
    Dimension: 3
    Index: [0, 0, 0]
    Size: [256, 208, 150]
  RequestedRegion: 
    Dimension: 3
    Index: [0, 0, 0]
    Size: [256, 208, 150]
  Spacing: [1, 1, 1]
  Origin: [-109.814, 94.4837, -140.91]
  Direction: 
0.930805 0.184304 -0.315649
0.194234 -0.980955 0
0.309638 0.0613099 0.948876

  IndexToPointMatrix: 
0.930805 0.184304 -0.315649
0.194234 -0.980955 0
0.309638 0.0613099 0.948876

  PointToIndexMatrix: 
0.930805 0.194234 0.309638
0.184304 -0.980955 0.0613099
-0.315649 -2.44482e-09 0.948876

  Inverse Direction: 
0.930805 0.194234 0.309638
0.184304 -0.980955 0.0613099
-0.315649 -2.44482e-09 0.948876

  PixelContainer: 
    ImportImageContainer (0x4847b50)
      RTTI typeinfo:   itk::ImportImageContainer<unsigned long, double>
      Reference Count: 1
      Modified Time: 2116
      Debug: Off
      Object Name: 
      Observers: 
        none
      Pointer: 0x7f1bd367c010
      Container manages memory: true
      Size: 7987200
      Capacity: 7987200

     Weighting = 0.5
     Sampling strategy = regular
     Number of bins = 32
     Radius = 4
     Sampling percentage  = 0.25
   Transform = Affine
     Gradient step = 0.1
     Update field sigma (voxel space) = 0
     Total field sigma (voxel space) = 0
     Update field time sigma = 0
     Total field time sigma  = 0
     Number of time indices = 0
     Number of time point samples = 0
Registration using 2 total stages.

Stage 0
  iterations = 1000x500x250x100
  convergence threshold = 1e-06
  convergence window size = 10
  number of levels = 4
  using the Mattes MI metric (number of bins = 32, weight = 0.5, use gradient filter = 0)
  preprocessing:  winsorizing the image intensities
  preprocessing:  histogram matching the images
  Shrink factors (level 1 out of 4): [8, 8, 4]
  Shrink factors (level 2 out of 4): [4, 4, 2]
  Shrink factors (level 3 out of 4): [2, 2, 1]
  Shrink factors (level 4 out of 4): [1, 1, 1]
  smoothing sigmas per level: [3, 2, 1, 0]
  regular sampling (percentage = 0.25)

*** Running Euler3DTransform registration ***

DIAGNOSTIC,Iteration,metricValue,convergenceValue,ITERATION_TIME_INDEX,SINCE_LAST
 2DIAGNOSTIC,     1, -3.377654600517e-01, 1.797693134862e+308, 5.4053e-02, 5.4053e-02, 
 2DIAGNOSTIC,     2, -3.388520117403e-01, 1.797693134862e+308, 5.6973e-02, 2.9202e-03, 
 2DIAGNOSTIC,     3, -3.406291764742e-01, 1.797693134862e+308, 6.0027e-02, 3.0539e-03, 
 2DIAGNOSTIC,     4, -3.431528109735e-01, 1.797693134862e+308, 6.2976e-02, 2.9490e-03, 
 2DIAGNOSTIC,     5, -3.442939778628e-01, 1.797693134862e+308, 6.5907e-02, 2.9309e-03, 
 2DIAGNOSTIC,     6, -3.463142782626e-01, 1.797693134862e+308, 6.8802e-02, 2.8951e-03, 
 2DIAGNOSTIC,     7, -3.799494018377e-01, 1.797693134862e+308, 7.1671e-02, 2.8689e-03, 
 2DIAGNOSTIC,     8, -4.863071230348e-01, 1.797693134862e+308, 7.6825e-02, 5.1539e-03, 
 2DIAGNOSTIC,     9, -4.909363747416e-01, 1.797693134862e+308, 7.9641e-02, 2.8162e-03, 
 2DIAGNOSTIC,    10, -4.971247134711e-01, 2.998829876446e-02, 8.3153e-02, 3.5119e-03, 
 2DIAGNOSTIC,    11, -4.992686886578e-01, 3.050715387477e-02, 8.6610e-02, 3.4571e-03, 
 2DIAGNOSTIC,    12, -4.992280504124e-01, 2.824975369670e-02, 9.0027e-02, 3.4170e-03, 
 2DIAGNOSTIC,    13, -4.994465398391e-01, 2.390932299931e-02, 9.3546e-02, 3.5191e-03, 
 2DIAGNOSTIC,    14, -4.996160739318e-01, 1.829523523840e-02, 9.7527e-02, 3.9811e-03, 
 2DIAGNOSTIC,    15, -4.997315480645e-01, 1.204978365368e-02, 1.0107e-01, 3.5460e-03, 
 2DIAGNOSTIC,    16, -4.995929821626e-01, 5.707030232731e-03, 1.0452e-01, 3.4480e-03, 
 2DIAGNOSTIC,    17, -4.997664036016e-01, 8.871835127866e-04, 1.0806e-01, 3.5341e-03, 
 2DIAGNOSTIC,    18, -4.998441768855e-01, 4.230520979627e-04, 1.1159e-01, 3.5379e-03, 
 2DIAGNOSTIC,    19, -4.998608164798e-01, 1.272006677856e-04, 1.1569e-01, 4.0960e-03, 
 2DIAGNOSTIC,    20, -4.992081979119e-01, 2.792988325326e-05, 1.1875e-01, 3.0620e-03, 
 2DIAGNOSTIC,    21, -4.991779383639e-01, 1.534295218007e-06, 1.2179e-01, 3.0379e-03, 
DIAGNOSTIC,Iteration,metricValue,convergenceValue,ITERATION_TIME_INDEX,SINCE_LAST
 2DIAGNOSTIC,     1, -4.088935281014e-01, 1.797693134862e+308, 1.8856e-01, 6.6770e-02, 
 2DIAGNOSTIC,     2, -4.098253473547e-01, 1.797693134862e+308, 1.9310e-01, 4.5390e-03, 
 2DIAGNOSTIC,     3, -4.111633596048e-01, 1.797693134862e+308, 1.9781e-01, 4.7081e-03, 
 2DIAGNOSTIC,     4, -4.125746259521e-01, 1.797693134862e+308, 2.0233e-01, 4.5199e-03, 
 2DIAGNOSTIC,     5, -4.139922622853e-01, 1.797693134862e+308, 2.0689e-01, 4.5640e-03, 
 2DIAGNOSTIC,     6, -4.147948346018e-01, 1.797693134862e+308, 2.1189e-01, 4.9980e-03, 
 2DIAGNOSTIC,     7, -4.151198536835e-01, 1.797693134862e+308, 2.1633e-01, 4.4439e-03, 
 2DIAGNOSTIC,     8, -4.153084862883e-01, 1.797693134862e+308, 2.2098e-01, 4.6470e-03, 
 2DIAGNOSTIC,     9, -4.155334640548e-01, 1.797693134862e+308, 2.2539e-01, 4.4091e-03, 
 2DIAGNOSTIC,    10, -4.161872019333e-01, 1.138504344591e-03, 2.3063e-01, 5.2409e-03, 
 2DIAGNOSTIC,    11, -4.169520988454e-01, 8.936353608647e-04, 2.3684e-01, 6.2101e-03, 
 2DIAGNOSTIC,    12, -4.171420903488e-01, 6.732040351701e-04, 2.4188e-01, 5.0399e-03, 
 2DIAGNOSTIC,    13, -4.170621502355e-01, 4.927707435085e-04, 2.4688e-01, 4.9992e-03, 
 2DIAGNOSTIC,    14, -4.170694991768e-01, 3.624977456573e-04, 2.5134e-01, 4.4611e-03, 
 2DIAGNOSTIC,    15, -4.171362004573e-01, 2.833441299314e-04, 2.5643e-01, 5.0869e-03, 
 2DIAGNOSTIC,    16, -4.171552238812e-01, 2.225851217842e-04, 2.6110e-01, 4.6692e-03, 
 2DIAGNOSTIC,    17, -4.171286988002e-01, 1.608450073035e-04, 2.6607e-01, 4.9789e-03, 
 2DIAGNOSTIC,    18, -4.171283671928e-01, 9.911431424579e-05, 2.7102e-01, 4.9419e-03, 
 2DIAGNOSTIC,    19, -4.171187681859e-01, 4.242213384019e-05, 2.7602e-01, 5.0042e-03, 
 2DIAGNOSTIC,    20, -4.171580012299e-01, 1.059200482813e-05, 2.8051e-01, 4.4880e-03, 
 2DIAGNOSTIC,    21, -4.171456250647e-01, 5.230529173415e-06, 2.8556e-01, 5.0550e-03, 
 2DIAGNOSTIC,    22, -4.171848967494e-01, 7.282617645064e-06, 2.9068e-01, 5.1191e-03, 
 2DIAGNOSTIC,    23, -4.172940318390e-01, 9.490443491141e-06, 2.9567e-01, 4.9849e-03, 
 2DIAGNOSTIC,    24, -4.172981416337e-01, 1.093966171239e-05, 3.0115e-01, 5.4851e-03, 
 2DIAGNOSTIC,    25, -4.173015121399e-01, 1.329755286525e-05, 3.0626e-01, 5.1110e-03, 
 2DIAGNOSTIC,    26, -4.172953430234e-01, 1.474009220089e-05, 3.1085e-01, 4.5822e-03, 
 2DIAGNOSTIC,    27, -4.173006372187e-01, 1.425998785880e-05, 3.1585e-01, 5.0049e-03, 
 2DIAGNOSTIC,    28, -4.174596003306e-01, 1.641325198722e-05, 3.2092e-01, 5.0650e-03, 
 2DIAGNOSTIC,    29, -4.177229438905e-01, 2.281968013531e-05, 3.2687e-01, 5.9550e-03, 
 2DIAGNOSTIC,    30, -4.174510679198e-01, 2.137816092054e-05, 3.3186e-01, 4.9920e-03, 
 2DIAGNOSTIC,    31, -4.174526319543e-01, 1.817458010833e-05, 3.3699e-01, 5.1260e-03, 
 2DIAGNOSTIC,    32, -4.173824264056e-01, 1.282920288471e-05, 3.4142e-01, 4.4351e-03, 
 2DIAGNOSTIC,    33, -4.173933568221e-01, 9.042082617303e-06, 3.4609e-01, 4.6620e-03, 
 2DIAGNOSTIC,    34, -4.173939400495e-01, 4.701050220438e-06, 3.5105e-01, 4.9670e-03, 
DIAGNOSTIC,Iteration,metricValue,convergenceValue,ITERATION_TIME_INDEX,SINCE_LAST
 2DIAGNOSTIC,     1, -3.585916651789e-01, 1.797693134862e+308, 4.9335e-01, 1.4229e-01, 
 2DIAGNOSTIC,     2, -3.591369007832e-01, 1.797693134862e+308, 5.0827e-01, 1.4922e-02, 
 2DIAGNOSTIC,     3, -3.595257487200e-01, 1.797693134862e+308, 5.2325e-01, 1.4979e-02, 
 2DIAGNOSTIC,     4, -3.595816096873e-01, 1.797693134862e+308, 5.3803e-01, 1.4788e-02, 
 2DIAGNOSTIC,     5, -3.596224499193e-01, 1.797693134862e+308, 5.5479e-01, 1.6757e-02, 
 2DIAGNOSTIC,     6, -3.596488080931e-01, 1.797693134862e+308, 5.7128e-01, 1.6488e-02, 
 2DIAGNOSTIC,     7, -3.596936226694e-01, 1.797693134862e+308, 5.9059e-01, 1.9308e-02, 
 2DIAGNOSTIC,     8, -3.598004355669e-01, 1.797693134862e+308, 6.0818e-01, 1.7590e-02, 
 2DIAGNOSTIC,     9, -3.598125224349e-01, 1.797693134862e+308, 6.2592e-01, 1.7746e-02, 
 2DIAGNOSTIC,    10, -3.598083199000e-01, 1.657425153892e-04, 6.4071e-01, 1.4791e-02, 
 2DIAGNOSTIC,    11, -3.598055278701e-01, 8.683346707600e-05, 6.5697e-01, 1.6252e-02, 
 2DIAGNOSTIC,    12, -3.598070142846e-01, 4.885599603421e-05, 6.7329e-01, 1.6321e-02, 
 2DIAGNOSTIC,    13, -3.598077016172e-01, 3.606368206889e-05, 6.8827e-01, 1.4982e-02, 
 2DIAGNOSTIC,    14, -3.598089328985e-01, 2.522694309952e-05, 7.0342e-01, 1.5154e-02, 
 2DIAGNOSTIC,    15, -3.598020012256e-01, 1.560921047900e-05, 7.1838e-01, 1.4960e-02, 
 2DIAGNOSTIC,    16, -3.598052945578e-01, 7.445836221101e-06, 7.3335e-01, 1.4969e-02, 
 2DIAGNOSTIC,    17, -3.598129369241e-01, 2.032527287470e-06, 7.4965e-01, 1.6302e-02, 
 2DIAGNOSTIC,    18, -3.598187749141e-01, 2.118567587500e-06, 7.7125e-01, 2.1591e-02, 
 2DIAGNOSTIC,    19, -3.598251982539e-01, 2.936755610111e-06, 7.8765e-01, 1.6405e-02, 
 2DIAGNOSTIC,    20, -3.598213390477e-01, 3.246028167335e-06, 8.0186e-01, 1.4207e-02, 
 2DIAGNOSTIC,    21, -3.598230020427e-01, 3.337103512975e-06, 8.1963e-01, 1.7774e-02, 
 2DIAGNOSTIC,    22, -3.598230096989e-01, 3.293752413314e-06, 8.3534e-01, 1.5704e-02, 
 2DIAGNOSTIC,    23, -3.598230426281e-01, 3.097163237840e-06, 8.5278e-01, 1.7444e-02, 
 2DIAGNOSTIC,    24, -3.598228684351e-01, 2.800146014212e-06, 8.6734e-01, 1.4565e-02, 
 2DIAGNOSTIC,    25, -3.598228443389e-01, 2.172830043945e-06, 8.8319e-01, 1.5847e-02, 
 2DIAGNOSTIC,    26, -3.598214872063e-01, 1.566205102450e-06, 8.9912e-01, 1.5930e-02, 
 2DIAGNOSTIC,    27, -3.598215176713e-01, 1.193196947011e-06, 9.1673e-01, 1.7605e-02, 
 2DIAGNOSTIC,    28, -3.598214705649e-01, 1.002623018845e-06, 9.3262e-01, 1.5889e-02, 
 2DIAGNOSTIC,    29, -3.598211715385e-01, 1.007776243650e-06, 9.4998e-01, 1.7362e-02, 
DIAGNOSTIC,Iteration,metricValue,convergenceValue,ITERATION_TIME_INDEX,SINCE_LAST
 2DIAGNOSTIC,     1, -3.162548109445e-01, 1.797693134862e+308, 1.2426e+00, 2.9259e-01, 
 2DIAGNOSTIC,     2, -3.165566966377e-01, 1.797693134862e+308, 1.2836e+00, 4.1017e-02, 
 2DIAGNOSTIC,     3, -3.166279170995e-01, 1.797693134862e+308, 1.3233e+00, 3.9755e-02, 
 2DIAGNOSTIC,     4, -3.167152593771e-01, 1.797693134862e+308, 1.3615e+00, 3.8211e-02, 
 2DIAGNOSTIC,     5, -3.168375560796e-01, 1.797693134862e+308, 1.4017e+00, 4.0109e-02, 
 2DIAGNOSTIC,     6, -3.171774247047e-01, 1.797693134862e+308, 1.4450e+00, 4.3363e-02, 
 2DIAGNOSTIC,     7, -3.172476154848e-01, 1.797693134862e+308, 1.4872e+00, 4.2202e-02, 
 2DIAGNOSTIC,     8, -3.172570663785e-01, 1.797693134862e+308, 1.5334e+00, 4.6140e-02, 
 2DIAGNOSTIC,     9, -3.172803534902e-01, 1.797693134862e+308, 1.5755e+00, 4.2152e-02, 
 2DIAGNOSTIC,    10, -3.172896077855e-01, 2.196104900279e-04, 1.6285e+00, 5.2973e-02, 
 2DIAGNOSTIC,    11, -3.172914667447e-01, 1.591619857858e-04, 1.6714e+00, 4.2895e-02, 
 2DIAGNOSTIC,    12, -3.172907747697e-01, 1.172131852916e-04, 1.7127e+00, 4.1357e-02, 
 2DIAGNOSTIC,    13, -3.172905788162e-01, 7.656831415886e-05, 1.7554e+00, 4.2649e-02, 
 2DIAGNOSTIC,    14, -3.172885739187e-01, 4.055072841257e-05, 1.7962e+00, 4.0834e-02, 
 2DIAGNOSTIC,    15, -3.172894633448e-01, 1.267165533834e-05, 1.8378e+00, 4.1531e-02, 
 2DIAGNOSTIC,    16, -3.172886782702e-01, 6.217916284731e-06, 1.8803e+00, 4.2583e-02, 
 2DIAGNOSTIC,    17, -3.172883614488e-01, 3.827697901353e-06, 1.9224e+00, 4.2086e-02, 
 2DIAGNOSTIC,    18, -3.172866304545e-01, 1.882207167646e-06, 1.9634e+00, 4.0990e-02, 
 2DIAGNOSTIC,    19, -3.172867898296e-01, 1.228145985771e-06, 2.0057e+00, 4.2238e-02, 
 2DIAGNOSTIC,    20, -3.172867460845e-01, 1.089345406567e-06, 2.0450e+00, 3.9387e-02, 
 2DIAGNOSTIC,    21, -3.172869780050e-01, 1.098528979844e-06, 2.0846e+00, 3.9578e-02, 
 2DIAGNOSTIC,    22, -3.172878679977e-01, 1.154133689583e-06, 2.1242e+00, 3.9615e-02, 
 2DIAGNOSTIC,    23, -3.172894658421e-01, 1.289300142433e-06, 2.1659e+00, 4.1644e-02, 
 2DIAGNOSTIC,    24, -3.172928647527e-01, 1.471581169171e-06, 2.2070e+00, 4.1090e-02, 
 2DIAGNOSTIC,    25, -3.172946848206e-01, 1.720087255262e-06, 2.2459e+00, 3.8913e-02, 
 2DIAGNOSTIC,    26, -3.172995741625e-01, 2.048825454445e-06, 2.2858e+00, 3.9950e-02, 
 2DIAGNOSTIC,    27, -3.173061182741e-01, 2.481070691000e-06, 2.3249e+00, 3.9110e-02, 
 2DIAGNOSTIC,    28, -3.173154163202e-01, 2.997168237144e-06, 2.3652e+00, 4.0256e-02, 
 2DIAGNOSTIC,    29, -3.173372771971e-01, 3.977410889561e-06, 2.4043e+00, 3.9066e-02, 
 2DIAGNOSTIC,    30, -3.173509636774e-01, 5.014340611675e-06, 2.4433e+00, 3.9025e-02, 
 2DIAGNOSTIC,    31, -3.173759260546e-01, 6.337108309648e-06, 2.4934e+00, 5.0082e-02, 
 2DIAGNOSTIC,    32, -3.173793043850e-01, 7.184181285341e-06, 2.5353e+00, 4.1886e-02, 
 2DIAGNOSTIC,    33, -3.173791244902e-01, 7.435859994742e-06, 2.5783e+00, 4.3028e-02, 
 2DIAGNOSTIC,    34, -3.173806107551e-01, 7.190017079536e-06, 2.6213e+00, 4.3010e-02, 
 2DIAGNOSTIC,    35, -3.173811257566e-01, 6.415925339780e-06, 2.6606e+00, 3.9331e-02, 
 2DIAGNOSTIC,    36, -3.173839796713e-01, 5.348843121304e-06, 2.6993e+00, 3.8639e-02, 
 2DIAGNOSTIC,    37, -3.173956299074e-01, 4.355580592478e-06, 2.7399e+00, 4.0669e-02, 
 2DIAGNOSTIC,    38, -3.174099209002e-01, 3.629380954454e-06, 2.7794e+00, 3.9510e-02, 
 2DIAGNOSTIC,    39, -3.174269968871e-01, 3.562292703839e-06, 2.8457e+00, 6.6277e-02, 
 2DIAGNOSTIC,    40, -3.174276433629e-01, 3.539112623987e-06, 2.8903e+00, 4.4589e-02, 
 2DIAGNOSTIC,    41, -3.174264666822e-01, 3.780509749470e-06, 2.9332e+00, 4.2927e-02, 
 2DIAGNOSTIC,    42, -3.174240029243e-01, 3.744985076836e-06, 2.9762e+00, 4.2992e-02, 
 2DIAGNOSTIC,    43, -3.174229346853e-01, 3.394048862536e-06, 3.0184e+00, 4.2181e-02, 
 2DIAGNOSTIC,    44, -3.174219726481e-01, 2.812952444111e-06, 3.0613e+00, 4.2912e-02, 
 2DIAGNOSTIC,    45, -3.174219973057e-01, 2.072482878507e-06, 3.1046e+00, 4.3291e-02, 
 2DIAGNOSTIC,    46, -3.174220106280e-01, 1.291644444415e-06, 3.1472e+00, 4.2607e-02, 
  Elapsed time (stage 0): 3.4415e+00


Stage 1
  iterations = 1000x500x250x100
  convergence threshold = 1.0000e-06
  convergence window size = 10
  number of levels = 4
  using the Mattes MI metric (number of bins = 32, weight = 5.0000e-01, use gradient filter = 0)
  preprocessing:  winsorizing the image intensities
  preprocessing:  histogram matching the images
  Shrink factors (level 1 out of 4): [8, 8, 4]
  Shrink factors (level 2 out of 4): [4, 4, 2]
  Shrink factors (level 3 out of 4): [2, 2, 1]
  Shrink factors (level 4 out of 4): [1, 1, 1]
  smoothing sigmas per level: [3, 2, 1, 0]
  regular sampling (percentage = 2.5000e-01)

*** Running AffineTransform registration ***

DIAGNOSTIC,Iteration,metricValue,convergenceValue,ITERATION_TIME_INDEX,SINCE_LAST
 2DIAGNOSTIC,     1, -4.968707341552e-01, 1.797693134862e+308, 6.7310e-02, 6.7309e-02, 
 2DIAGNOSTIC,     2, -4.989493823820e-01, 1.797693134862e+308, 7.0704e-02, 3.3939e-03, 
 2DIAGNOSTIC,     3, -5.022514050379e-01, 1.797693134862e+308, 7.3959e-02, 3.2551e-03, 
 2DIAGNOSTIC,     4, -5.044480054856e-01, 1.797693134862e+308, 7.7294e-02, 3.3350e-03, 
 2DIAGNOSTIC,     5, -5.058607919421e-01, 1.797693134862e+308, 8.0658e-02, 3.3641e-03, 
 2DIAGNOSTIC,     6, -5.073658838507e-01, 1.797693134862e+308, 8.4448e-02, 3.7899e-03, 
 2DIAGNOSTIC,     7, -5.078567576347e-01, 1.797693134862e+308, 8.8161e-02, 3.7131e-03, 
 2DIAGNOSTIC,     8, -5.084569256556e-01, 1.797693134862e+308, 9.2339e-02, 4.1778e-03, 
 2DIAGNOSTIC,     9, -5.086352423572e-01, 1.797693134862e+308, 9.5671e-02, 3.3321e-03, 
 2DIAGNOSTIC,    10, -5.090114861053e-01, 1.511521326549e-03, 9.9173e-02, 3.5019e-03, 
 2DIAGNOSTIC,    11, -5.095574435881e-01, 1.063542000790e-03, 1.0257e-01, 3.3972e-03, 
 2DIAGNOSTIC,    12, -5.107266644578e-01, 7.444543283683e-04, 1.0596e-01, 3.3929e-03, 
 2DIAGNOSTIC,    13, -5.162439222945e-01, 7.858240999120e-04, 1.0986e-01, 3.8941e-03, 
 2DIAGNOSTIC,    14, -5.193916259729e-01, 9.573161464457e-04, 1.1376e-01, 3.9039e-03, 
 2DIAGNOSTIC,    15, -5.199646260456e-01, 1.090798435980e-03, 1.1821e-01, 4.4482e-03, 
 2DIAGNOSTIC,    16, -5.203220049873e-01, 1.175710510729e-03, 1.2224e-01, 4.0290e-03, 
 2DIAGNOSTIC,    17, -5.207034900246e-01, 1.170957300192e-03, 1.2610e-01, 3.8650e-03, 
 2DIAGNOSTIC,    18, -5.240515019204e-01, 1.177537836630e-03, 1.3088e-01, 4.7789e-03, 
 2DIAGNOSTIC,    19, -5.251915972934e-01, 1.108762779550e-03, 1.3426e-01, 3.3760e-03, 
 2DIAGNOSTIC,    20, -5.250453286434e-01, 9.529116307876e-04, 1.3771e-01, 3.4561e-03, 
 2DIAGNOSTIC,    21, -5.254094161596e-01, 7.516342689788e-04, 1.4167e-01, 3.9551e-03, 
 2DIAGNOSTIC,    22, -5.259056499811e-01, 5.378830923868e-04, 1.4709e-01, 5.4159e-03, 
 2DIAGNOSTIC,    23, -5.259698853219e-01, 4.235940085086e-04, 1.5049e-01, 3.4010e-03, 
 2DIAGNOSTIC,    24, -5.264079229610e-01, 3.614290025287e-04, 1.5398e-01, 3.4900e-03, 
 2DIAGNOSTIC,    25, -5.268032370385e-01, 2.928708300558e-04, 1.5735e-01, 3.3700e-03, 
 2DIAGNOSTIC,    26, -5.271047696855e-01, 2.170322156825e-04, 1.6122e-01, 3.8700e-03, 
 2DIAGNOSTIC,    27, -5.284095415224e-01, 1.591614331189e-04, 1.6555e-01, 4.3361e-03, 
 2DIAGNOSTIC,    28, -5.286924211417e-01, 1.608336676757e-04, 1.6941e-01, 3.8610e-03, 
 2DIAGNOSTIC,    29, -5.281315708729e-01, 1.586949579371e-04, 1.7275e-01, 3.3400e-03, 
 2DIAGNOSTIC,    30, -5.288830528623e-01, 1.534045952365e-04, 1.7672e-01, 3.9630e-03, 
 2DIAGNOSTIC,    31, -5.290201137061e-01, 1.421985191118e-04, 1.8102e-01, 4.3049e-03, 
 2DIAGNOSTIC,    32, -5.284868194645e-01, 1.173963321577e-04, 1.8588e-01, 4.8540e-03, 
 2DIAGNOSTIC,    33, -5.282480746454e-01, 8.050687696717e-05, 1.8983e-01, 3.9570e-03, 
 2DIAGNOSTIC,    34, -5.288378954805e-01, 5.520503492618e-05, 1.9326e-01, 3.4251e-03, 
 2DIAGNOSTIC,    35, -5.295180034110e-01, 4.262206813159e-05, 1.9711e-01, 3.8519e-03, 
 2DIAGNOSTIC,    36, -5.298679819359e-01, 3.574675452732e-05, 2.0051e-01, 3.4020e-03, 
 2DIAGNOSTIC,    37, -5.298142425346e-01, 4.465427464303e-05, 2.0396e-01, 3.4490e-03, 
 2DIAGNOSTIC,    38, -5.312774496985e-01, 7.473310592700e-05, 2.0726e-01, 3.3000e-03, 
 2DIAGNOSTIC,    39, -5.316530574582e-01, 9.252153247176e-05, 2.1164e-01, 4.3819e-03, 
 2DIAGNOSTIC,    40, -5.324873302620e-01, 1.219949119950e-04, 2.1702e-01, 5.3751e-03, 
 2DIAGNOSTIC,    41, -5.327013455160e-01, 1.433567593141e-04, 2.2033e-01, 3.3150e-03, 
 2DIAGNOSTIC,    42, -5.328719423527e-01, 1.457389321678e-04, 2.2424e-01, 3.9051e-03, 
 2DIAGNOSTIC,    43, -5.330225831045e-01, 1.328237269690e-04, 2.2767e-01, 3.4301e-03, 
 2DIAGNOSTIC,    44, -5.331986861501e-01, 1.170068796881e-04, 2.3110e-01, 3.4308e-03, 
 2DIAGNOSTIC,    45, -5.334131402119e-01, 1.015795849233e-04, 2.3448e-01, 3.3801e-03, 
 2DIAGNOSTIC,    46, -5.336816814895e-01, 8.470557805492e-05, 2.3774e-01, 3.2580e-03, 
 2DIAGNOSTIC,    47, -5.339216701370e-01, 6.233267947193e-05, 2.4263e-01, 4.8900e-03, 
 2DIAGNOSTIC,    48, -5.343658584511e-01, 5.661266411707e-05, 2.4657e-01, 3.9411e-03, 
 2DIAGNOSTIC,    49, -5.343836399873e-01, 4.982470423505e-05, 2.5048e-01, 3.9129e-03, 
 2DIAGNOSTIC,    50, -5.351063794461e-01, 5.554563507418e-05, 2.5487e-01, 4.3900e-03, 
 2DIAGNOSTIC,    51, -5.356139853004e-01, 6.325047037935e-05, 2.5868e-01, 3.8061e-03, 
 2DIAGNOSTIC,    52, -5.357387005773e-01, 6.761686994815e-05, 2.6204e-01, 3.3641e-03, 
 2DIAGNOSTIC,    53, -5.358052794469e-01, 6.769220059223e-05, 2.6539e-01, 3.3529e-03, 
 2DIAGNOSTIC,    54, -5.360364072487e-01, 6.545997023975e-05, 2.6920e-01, 3.8071e-03, 
 2DIAGNOSTIC,    55, -5.361020883053e-01, 5.969346751247e-05, 2.7471e-01, 5.5101e-03, 
 2DIAGNOSTIC,    56, -5.361750075652e-01, 5.166038315262e-05, 2.7796e-01, 3.2520e-03, 
 2DIAGNOSTIC,    57, -5.361971328672e-01, 4.147604822168e-05, 2.8139e-01, 3.4239e-03, 
 2DIAGNOSTIC,    58, -5.363649273440e-01, 3.357741932648e-05, 2.8533e-01, 3.9420e-03, 
 2DIAGNOSTIC,    59, -5.365224348712e-01, 2.420061543004e-05, 2.9067e-01, 5.3451e-03, 
 2DIAGNOSTIC,    60, -5.365957976478e-01, 1.990242647629e-05, 2.9449e-01, 3.8149e-03, 
 2DIAGNOSTIC,    61, -5.366312939564e-01, 1.872018192526e-05, 2.9788e-01, 3.3929e-03, 
 2DIAGNOSTIC,    62, -5.364837487697e-01, 1.565522782323e-05, 3.0158e-01, 3.6972e-03, 
 2DIAGNOSTIC,    63, -5.364891067026e-01, 1.183094341542e-05, 3.0496e-01, 3.3839e-03, 
 2DIAGNOSTIC,    64, -5.364796009509e-01, 8.863964498385e-06, 3.0883e-01, 3.8710e-03, 
 2DIAGNOSTIC,    65, -5.365064397994e-01, 5.928580197132e-06, 3.1222e-01, 3.3898e-03, 
 2DIAGNOSTIC,    66, -5.364756233549e-01, 2.928862327098e-06, 3.1563e-01, 3.4060e-03, 
DIAGNOSTIC,Iteration,metricValue,convergenceValue,ITERATION_TIME_INDEX,SINCE_LAST
 2DIAGNOSTIC,     1, -4.145647809256e-01, 1.797693134862e+308, 3.7875e-01, 6.3120e-02, 
 2DIAGNOSTIC,     2, -4.149442001652e-01, 1.797693134862e+308, 3.8434e-01, 5.5871e-03, 
 2DIAGNOSTIC,     3, -4.153054110091e-01, 1.797693134862e+308, 3.8979e-01, 5.4560e-03, 
 2DIAGNOSTIC,     4, -4.157670703808e-01, 1.797693134862e+308, 3.9527e-01, 5.4760e-03, 
 2DIAGNOSTIC,     5, -4.160764597203e-01, 1.797693134862e+308, 4.0070e-01, 5.4309e-03, 
 2DIAGNOSTIC,     6, -4.167696970163e-01, 1.797693134862e+308, 4.0732e-01, 6.6171e-03, 
 2DIAGNOSTIC,     7, -4.168105048320e-01, 1.797693134862e+308, 4.1483e-01, 7.5150e-03, 
 2DIAGNOSTIC,     8, -4.168014278606e-01, 1.797693134862e+308, 4.2031e-01, 5.4750e-03, 
 2DIAGNOSTIC,     9, -4.169003500377e-01, 1.797693134862e+308, 4.2629e-01, 5.9829e-03, 
 2DIAGNOSTIC,    10, -4.169401645557e-01, 3.950047989172e-04, 4.3279e-01, 6.5050e-03, 
 2DIAGNOSTIC,    11, -4.169598038989e-01, 2.875228276210e-04, 4.3899e-01, 6.1991e-03, 
 2DIAGNOSTIC,    12, -4.169024088828e-01, 1.907110207684e-04, 4.4421e-01, 5.2199e-03, 
 2DIAGNOSTIC,    13, -4.168993361632e-01, 1.108543500456e-04, 4.4972e-01, 5.5051e-03, 
 2DIAGNOSTIC,    14, -4.169246809235e-01, 5.622994489431e-05, 4.5580e-01, 6.0859e-03, 
 2DIAGNOSTIC,    15, -4.169531645729e-01, 1.833136663902e-05, 4.6184e-01, 6.0370e-03, 
 2DIAGNOSTIC,    16, -4.168703036257e-01, 9.707239889620e-06, 4.6876e-01, 6.9149e-03, 
 2DIAGNOSTIC,    17, -4.168664581443e-01, 3.118620412267e-06, 4.7429e-01, 5.5332e-03, 
DIAGNOSTIC,Iteration,metricValue,convergenceValue,ITERATION_TIME_INDEX,SINCE_LAST
 2DIAGNOSTIC,     1, -3.488534273964e-01, 1.797693134862e+308, 6.1351e-01, 1.3922e-01, 
 2DIAGNOSTIC,     2, -3.494291457430e-01, 1.797693134862e+308, 6.3253e-01, 1.9022e-02, 
 2DIAGNOSTIC,     3, -3.502580880230e-01, 1.797693134862e+308, 6.5158e-01, 1.9050e-02, 
 2DIAGNOSTIC,     4, -3.510748076754e-01, 1.797693134862e+308, 6.7102e-01, 1.9431e-02, 
 2DIAGNOSTIC,     5, -3.519933467920e-01, 1.797693134862e+308, 6.9017e-01, 1.9155e-02, 
 2DIAGNOSTIC,     6, -3.533539014160e-01, 1.797693134862e+308, 7.0925e-01, 1.9079e-02, 
 2DIAGNOSTIC,     7, -3.557927157595e-01, 1.797693134862e+308, 7.2840e-01, 1.9154e-02, 
 2DIAGNOSTIC,     8, -3.580571297893e-01, 1.797693134862e+308, 7.5386e-01, 2.5460e-02, 
 2DIAGNOSTIC,     9, -3.587164778738e-01, 1.797693134862e+308, 7.7299e-01, 1.9131e-02, 
 2DIAGNOSTIC,    10, -3.592922885995e-01, 2.129083617991e-03, 7.9253e-01, 1.9535e-02, 
 2DIAGNOSTIC,    11, -3.599319143105e-01, 1.971720732018e-03, 8.1673e-01, 2.4204e-02, 
 2DIAGNOSTIC,    12, -3.602816921142e-01, 1.722699731524e-03, 8.3586e-01, 1.9124e-02, 
 2DIAGNOSTIC,    13, -3.605022137913e-01, 1.419928114393e-03, 8.5528e-01, 1.9423e-02, 
 2DIAGNOSTIC,    14, -3.608977400914e-01, 1.102458305488e-03, 8.7815e-01, 2.2866e-02, 
 2DIAGNOSTIC,    15, -3.609843826531e-01, 7.815797941974e-04, 8.9715e-01, 1.9005e-02, 
 2DIAGNOSTIC,    16, -3.611092718302e-01, 5.019708808881e-04, 9.1631e-01, 1.9157e-02, 
 2DIAGNOSTIC,    17, -3.612334052495e-01, 3.273709833190e-04, 9.4221e-01, 2.5901e-02, 
 2DIAGNOSTIC,    18, -3.612734245249e-01, 2.439467204422e-04, 9.6131e-01, 1.9102e-02, 
 2DIAGNOSTIC,    19, -3.612929717701e-01, 1.750643405185e-04, 9.8036e-01, 1.9051e-02, 
 2DIAGNOSTIC,    20, -3.613145446163e-01, 1.203292669789e-04, 1.0025e+00, 2.2162e-02, 
 2DIAGNOSTIC,    21, -3.613266797007e-01, 8.435011650035e-05, 1.0229e+00, 2.0401e-02, 
 2DIAGNOSTIC,    22, -3.613207396274e-01, 5.627146908296e-05, 1.0455e+00, 2.2542e-02, 
 2DIAGNOSTIC,    23, -3.613156230392e-01, 3.266728638138e-05, 1.0660e+00, 2.0491e-02, 
 2DIAGNOSTIC,    24, -3.613133780509e-01, 2.115431993441e-05, 1.0890e+00, 2.3054e-02, 
 2DIAGNOSTIC,    25, -3.613042547492e-01, 1.110782718326e-05, 1.1081e+00, 1.9112e-02, 
 2DIAGNOSTIC,    26, -3.613078743545e-01, 4.751073074807e-06, 1.1276e+00, 1.9515e-02, 
 2DIAGNOSTIC,    27, -3.613199665453e-01, 2.518081952972e-06, 1.1482e+00, 2.0540e-02, 
 2DIAGNOSTIC,    28, -3.613198133618e-01, 1.437047456344e-06, 1.1706e+00, 2.2372e-02, 
DIAGNOSTIC,Iteration,metricValue,convergenceValue,ITERATION_TIME_INDEX,SINCE_LAST
 2DIAGNOSTIC,     1, -3.163593492670e-01, 1.797693134862e+308, 1.4805e+00, 3.0992e-01, 
 2DIAGNOSTIC,     2, -3.166655665976e-01, 1.797693134862e+308, 1.5331e+00, 5.2630e-02, 
 2DIAGNOSTIC,     3, -3.168880165769e-01, 1.797693134862e+308, 1.5845e+00, 5.1412e-02, 
 2DIAGNOSTIC,     4, -3.170440116337e-01, 1.797693134862e+308, 1.6366e+00, 5.2038e-02, 
 2DIAGNOSTIC,     5, -3.172657370290e-01, 1.797693134862e+308, 1.6921e+00, 5.5537e-02, 
 2DIAGNOSTIC,     6, -3.176787127967e-01, 1.797693134862e+308, 1.7480e+00, 5.5873e-02, 
 2DIAGNOSTIC,     7, -3.177836291078e-01, 1.797693134862e+308, 1.8022e+00, 5.4255e-02, 
 2DIAGNOSTIC,     8, -3.178096948012e-01, 1.797693134862e+308, 1.8588e+00, 5.6542e-02, 
 2DIAGNOSTIC,     9, -3.178092557265e-01, 1.797693134862e+308, 1.9174e+00, 5.8595e-02, 
 2DIAGNOSTIC,    10, -3.178163050368e-01, 3.181689723655e-04, 1.9718e+00, 5.4408e-02, 
 2DIAGNOSTIC,    11, -3.178147529223e-01, 2.283042425296e-04, 2.0246e+00, 5.2870e-02, 
 2DIAGNOSTIC,    12, -3.178127683837e-01, 1.556182492723e-04, 2.0805e+00, 5.5841e-02, 
 2DIAGNOSTIC,    13, -3.178175829039e-01, 9.626391217404e-05, 2.1365e+00, 5.6006e-02, 
 2DIAGNOSTIC,    14, -3.178184368961e-01, 4.691018140457e-05, 2.1891e+00, 5.2618e-02, 
 2DIAGNOSTIC,    15, -3.178214622890e-01, 1.286995285651e-05, 2.2436e+00, 5.4470e-02, 
 2DIAGNOSTIC,    16, -3.178238084371e-01, 5.188810885043e-06, 2.2952e+00, 5.1610e-02, 
 2DIAGNOSTIC,    17, -3.178304241792e-01, 3.956806327525e-06, 2.3472e+00, 5.2035e-02, 
 2DIAGNOSTIC,    18, -3.178528169342e-01, 5.073047881436e-06, 2.4019e+00, 5.4727e-02, 
 2DIAGNOSTIC,    19, -3.178606863966e-01, 6.076884613571e-06, 2.4540e+00, 5.2070e-02, 
 2DIAGNOSTIC,    20, -3.178750172687e-01, 7.536392100119e-06, 2.5071e+00, 5.3126e-02, 
 2DIAGNOSTIC,    21, -3.178925282872e-01, 8.987442799674e-06, 2.5602e+00, 5.3090e-02, 
 2DIAGNOSTIC,    22, -3.179078740672e-01, 1.013267774341e-05, 2.6142e+00, 5.3940e-02, 
 2DIAGNOSTIC,    23, -3.179236898425e-01, 1.115357886475e-05, 2.6807e+00, 6.6530e-02, 
 2DIAGNOSTIC,    24, -3.179350160685e-01, 1.162008368873e-05, 2.7420e+00, 6.1294e-02, 
 2DIAGNOSTIC,    25, -3.179354877283e-01, 1.121347234397e-05, 2.7967e+00, 5.4663e-02, 
 2DIAGNOSTIC,    26, -3.179337045892e-01, 9.928971754523e-06, 2.8527e+00, 5.6023e-02, 
 2DIAGNOSTIC,    27, -3.179336388472e-01, 8.121751617962e-06, 2.9067e+00, 5.4042e-02, 
 2DIAGNOSTIC,    28, -3.179324622969e-01, 6.462139757316e-06, 2.9583e+00, 5.1580e-02, 
 2DIAGNOSTIC,    29, -3.179316759586e-01, 4.626573872353e-06, 3.0110e+00, 5.2751e-02, 
 2DIAGNOSTIC,    30, -3.179332335697e-01, 3.050758237158e-06, 3.0626e+00, 5.1542e-02, 
 2DIAGNOSTIC,    31, -3.179347350147e-01, 1.933852830878e-06, 3.1206e+00, 5.8050e-02, 
 2DIAGNOSTIC,    32, -3.179336278648e-01, 1.189572023962e-06, 3.1771e+00, 5.6444e-02, 
  Elapsed time (stage 1): 3.4987e+00


Total elapsed time: 6.9426e+00
Using double precision for computations.
Input scalar image: /autofs/space/nicc_003/users/olchanyi/data/RESPONSE_PILOT_FULL/sub-TCRp001_ses-early/SWI/lesions_annos_SWI_14.nii
Reference image: /autofs/space/nicc_003/users/olchanyi/data/RESPONSE_PILOT_FULL/sub-TCRp001_ses-early/SWI/SWI_14_masked.nii.gz
=============================================================================
The composite transform comprises the following transforms (in order): 
  1. /autofs/space/nicc_003/users/olchanyi/data/RESPONSE_PILOT_FULL/sub-TCRp001_ses-early/SWI/ANTs_SWI_outputs/ANTs_ex_0GenericAffine.mat (type = AffineTransform)
=============================================================================
Default pixel value: 0
Interpolation type: NearestNeighborInterpolateImageFunction
Output warped image: /autofs/space/nicc_003/users/olchanyi/data/RESPONSE_PILOT_FULL/sub-TCRp001_ses-early/SWI/ANTs_SWI_outputs/lesions_warped.nii.gz
mri_convert /autofs/space/nicc_003/users/olchanyi/data/RESPONSE_PILOT_FULL/sub-TCRp001_ses-early/SWI/ANTs_SWI_outputs/lesions_warped.nii.gz /autofs/space/nicc_003/users/olchanyi/data/RESPONSE_PILOT_FULL/sub-TCRp001_ses-early/SWI/ANTs_SWI_outputs/lesions_warped.nii.gz -rl /autofs/space/nicc_003/users/olchanyi/data/RESPONSE_PILOT_FULL/sub-TCRp001_ses-early/bsb_outputs_attention/lowb_1mm.nii.gz -rt nearest -odt float 
reading from /autofs/space/nicc_003/users/olchanyi/data/RESPONSE_PILOT_FULL/sub-TCRp001_ses-early/SWI/ANTs_SWI_outputs/lesions_warped.nii.gz...
niiRead(): detected input as 64 bit double, reading in as 32 bit float
TR=0.00, TE=0.00, TI=0.00, flip angle=0.00
i_ras = (0.930805, 0.194234, -0.309638)
j_ras = (-0.184304, 0.980955, 0.0613099)
k_ras = (0.315649, 3.83491e-09, 0.948876)
reading template info from volume /autofs/space/nicc_003/users/olchanyi/data/RESPONSE_PILOT_FULL/sub-TCRp001_ses-early/bsb_outputs_attention/lowb_1mm.nii.gz...
Reslicing using nearest 
writing to /autofs/space/nicc_003/users/olchanyi/data/RESPONSE_PILOT_FULL/sub-TCRp001_ses-early/SWI/ANTs_SWI_outputs/lesions_warped.nii.gz...

 starting case:  sub-TCRp005_ses-early
Found files: lesions_annos_SWI_8.nii  num is:  8  SWI:  SWI_Images_8_Ax_SWI_FA15_20010101000000_8.nii
mrthreshold: [WARNING] existing output files will be overwritten
mrthreshold: [100%] uncompressing image "/autofs/space/nicc_003/users/olchanyi/data/RESPONSE_PILOT_FULL/sub-TCRp005_ses-early/bsb_outputs_attention/samseg_labels/seg.mgz"
mrthreshold: [WARNING] requested datatype (Bit) not supported - substituting with UInt8
mrthreshold: [100%] compressing image "/autofs/space/nicc_003/users/olchanyi/data/RESPONSE_PILOT_FULL/sub-TCRp005_ses-early/bsb_outputs_attention/synthseg_1mm_brain_mask.nii.gz"
mri_convert /autofs/space/nicc_003/users/olchanyi/data/RESPONSE_PILOT_FULL/sub-TCRp005_ses-early/bsb_outputs_attention/synthseg_1mm_brain_mask.nii.gz /autofs/space/nicc_003/users/olchanyi/data/RESPONSE_PILOT_FULL/sub-TCRp005_ses-early/bsb_outputs_attention/synthseg_1mm_brain_mask.nii.gz -rl /autofs/space/nicc_003/users/olchanyi/data/RESPONSE_PILOT_FULL/sub-TCRp005_ses-early/bsb_outputs_attention/lowb_1mm.nii.gz -rt nearest -odt float 
reading from /autofs/space/nicc_003/users/olchanyi/data/RESPONSE_PILOT_FULL/sub-TCRp005_ses-early/bsb_outputs_attention/synthseg_1mm_brain_mask.nii.gz...
TR=0.00, TE=0.00, TI=0.00, flip angle=0.00
i_ras = (-0.996143, 0.0489945, 0.0727931)
j_ras = (0.0401834, 0.992209, -0.117928)
k_ras = (0.0780038, 0.114548, 0.990351)
reading template info from volume /autofs/space/nicc_003/users/olchanyi/data/RESPONSE_PILOT_FULL/sub-TCRp005_ses-early/bsb_outputs_attention/lowb_1mm.nii.gz...
changing data type from uchar to float (noscale = 0)...
